897 -504888 306126
75513 999046
48219 999025
39387 998981
27685 998778
25323 998726
21522 998605
9101 998163
7367 998077
-12913 997039
-29039 996190
-55389 994760
-65539 994109
-74211 993525
-82711 992932
-84526 992766
-86189 992605
-89220 992298
-116218 989421
-118789 989139
-127510 988157
-137397 987034
-146183 986027
-164424 983805
-172870 982744
-173689 982629
-184191 981089
-198076 979047
-205524 977921
-211216 976937
-215624 976092
-220638 975110
-223601 974513
-238117 971427
-242397 970486
-247083 969329
-250942 968363
-255317 967236
-264123 964911
-272045 962746
-281119 960263
-284251 959403
-300208 954921
-306759 953008
-313364 950984
-327008 946679
-330324 945570
-335951 943670
-343278 941104
-344731 940573
-353315 937394
-354722 936867
-365590 932647
-370555 930711
-377282 928054
-380036 926952
-392012 922018
-394365 921022
-396975 919898
-400960 918168
-402252 917588
-411631 913231
-416734 910833
-425114 906856
-426759 906061
-433850 902606
-436231 901437
-444356 897107
-453763 892067
-464876 886102
-470071 883272
-470950 882781
-472278 882027
-479342 878012
-480348 877432
-488723 872603
-490134 871788
-498339 867045
-511637 859059
-514724 857201
-518767 854716
-526343 849722
-527998 848622
-533945 844666
-538210 841806
-538923 841320
-542687 838651
-546593 835786
-548436 834429
-551331 832215
-565504 821299
-573020 815498
-578476 811154
-580113 809840
-581611 808626
-587597 803705
-588332 803098
-599579 793777
-612565 782767
-634381 763904
-641824 757108
-644244 754895
-645219 754003
-649196 750353
-663742 736861
-666830 733964
-670791 730130
-673618 727376
-676262 724787
-677713 723366
-680515 720565
-683643 717336
-685770 715110
-689674 711019
-694339 706032
-701221 698629
-703976 695665
-704603 694990
-710216 688927
-713974 684779
-719288 678750
-722999 674508
-731878 664310
-737129 658077
-748700 644341
-755072 636681
-756125 635340
-759336 631153
-762498 626917
-769494 617525
-770422 616260
-772697 613110
-773082 612551
-775839 608378
-777978 604903
-781421 599236
-784854 593583
-793592 578926
-795927 574898
-798937 569682
-804562 559927
-822925 527813
-827012 520626
-831159 513317
-836664 503553
-837473 502076
-839274 498770
-841010 495571
-845137 487928
-846808 484778
-852852 473287
-853586 471838
-858994 460748
-861073 456451
-862652 453112
-870862 435489
-871516 434078
-873972 428775
-874911 426695
-876600 422936
-884948 404064
-886246 401023
-887113 398973
-893184 384548
-894095 382245
-896536 375939
-897522 373297
-902709 359378
-904033 355500
-910194 337447
-914422 324998
-917866 314755
-919036 311255
-919558 309664
-926306 288352
-927319 285151
-928406 281647
-933775 263882
-933848 263637
-935719 257209
-940492 240766
-941485 237188
-941865 235799
-942351 233984
-945564 221779
-947343 214965
-952077 196247
-954343 187275
-956271 179594
-957896 172992
-959427 166687
-963260 150413
-964615 144656
-965726 139895
-968045 129840
-970026 121183
-970326 119590
-971471 113470
-973427 102646
-973769 100746
-973953 99636
-974580 95717
-975563 89555
-976540 83395
-978399 70738
-979256 64857
-980762 54365
-982505 42154
-985456 20705
-985907 17324
-986275 14445
-987284 6339
-989719 -13440
-990566 -20591
-991262 -26858
-992244 -36686
-992793 -42222
-993248 -47360
-993916 -55460
-995234 -72844
-995736 -81342
-996412 -94145
-996619 -98480
-996654 -99339
-997177 -114601
-997231 -116223
-997559 -129749
-997743 -137667
-997795 -140389
-997813 -141385
-997983 -152438
-998044 -158317
-998102 -164007
-998142 -168177
-998175 -172617
-998271 -187884
-998301 -193783
-998292 -194644
-998090 -207851
-997279 -247564
-997230 -249430
-996880 -262159
-996729 -267109
-996588 -270680
-995491 -293130
-994863 -305730
-994565 -310702
-994174 -315788
-993488 -324367
-993100 -329219
-992373 -336594
-991892 -341355
-991439 -345662
-990928 -350507
-990327 -355823
-989697 -361119
-989310 -364136
-989081 -365853
-988730 -368390
-988480 -370185
-987046 -380348
-984705 -396718
-984551 -397766
-984217 -399929
-983989 -401363
-983320 -405482
-982442 -410885
-979234 -429562
-976518 -443932
-974920 -452235
-973786 -458102
-973396 -460015
-971571 -468939
-969946 -476847
-968398 -484129
-967109 -490031
-966126 -494140
-965646 -496095
-962645 -508311
-961328 -513628
-960630 -516445
-960308 -517722
-957534 -528657
-956568 -532417
-954491 -540115
-950861 -553210
-949277 -558581
-948619 -560779
-947905 -563106
-947676 -563821
-945704 -569620
-941363 -581926
-936503 -595696
-935793 -597690
-934450 -601415
-932741 -606098
-932232 -607447
-930537 -611833
-927011 -620435
-922886 -630170
-921749 -632815
-919217 -638635
-915939 -646017
-915079 -647908
-913327 -651349
-910348 -657144
-907812 -662017
-907315 -662817
-905603 -665387
-905124 -666104
-902715 -669591
-901113 -671848
-896478 -678324
-893430 -682532
-888703 -689046
-887638 -690439
-884166 -694897
-880743 -699289
-879136 -701321
-873583 -708340
-872392 -709833
-866032 -717794
-858923 -726380
-850430 -736426
-848608 -738559
-838009 -750593
-825161 -765141
-821005 -769785
-820438 -770409
-817257 -773907
-814973 -776212
-811870 -779255
-810651 -780442
-809848 -781221
-803976 -786810
-802184 -788504
-795220 -794877
-791277 -798429
-787377 -801892
-784258 -804651
-780225 -808153
-777506 -810483
-769831 -817033
-759875 -825486
-758259 -826845
-755064 -829515
-752215 -831833
-749533 -833966
-745557 -837113
-741411 -840359
-738102 -842934
-731148 -848132
-726078 -851907
-725659 -852215
-722432 -854572
-718431 -857399
-709256 -863672
-697528 -871588
-693992 -873884
-673865 -886565
-668930 -889650
-665607 -891726
-661654 -894119
-654038 -898720
-652432 -899649
-649516 -901303
-639124 -907062
-624576 -914917
-620144 -917116
-618922 -917660
-614707 -919518
-612402 -920534
-609347 -921774
-604996 -923536
-601773 -924768
-599596 -925583
-592771 -928132
-587252 -930131
-585892 -930594
-582142 -931856
-576017 -933773
-566782 -936512
-557011 -939330
-554685 -939994
-552072 -940729
-546297 -942348
-541267 -943727
-537180 -944723
-527616 -946975
-510224 -951055
-501974 -952974
-493801 -954866
-486901 -956370
-481970 -957391
-480068 -957783
-474362 -958939
-472540 -959296
-461531 -961437
-455857 -962521
-445014 -964554
-427893 -967723
-426799 -967921
-422662 -968654
-419132 -969261
-409110 -970982
-402653 -972089
-400179 -972501
-393142 -973613
-390922 -973961
-388083 -974397
-381533 -975384
-373426 -976605
-363440 -978073
-355677 -979169
-353787 -979434
-338536 -981478
-331274 -982387
-312038 -984782
-305887 -985543
-303940 -985769
-290110 -987297
-286196 -987681
-281829 -988106
-281409 -988146
-276761 -988557
-271325 -989003
-265056 -989504
-262530 -989702
-246121 -990965
-238987 -991484
-227951 -992284
-199496 -993975
-197564 -994072
-189920 -994447
-171611 -995156
-169281 -995246
-158114 -995674
-150876 -995942
-138440 -996383
-115017 -997147
-109018 -997329
-104301 -997448
-86991 -997798
-66392 -998080
-60525 -998110
-58498 -998119
-42245 -998148
-35723 -998114
-32304 -998087
-28440 -998028
-21212 -997911
-13482 -997783
502 -997510
5825 -997390
10550 -997186
16118 -996928
22248 -996603
27965 -996295
32472 -996044
35278 -995878
40731 -995552
51225 -994904
57018 -994516
58776 -994386
74061 -993229
74166 -993221
80344 -992746
99453 -991218
100585 -991109
110872 -990088
116459 -989503
122351 -988846
128273 -988183
136675 -987116
140777 -986574
150003 -985353
165915 -983136
166418 -983060
179958 -980937
189770 -979323
200692 -977323
207274 -975953
211749 -975013
222708 -972621
240290 -968778
255971 -965332
259882 -964469
267558 -962770
271406 -961916
278536 -960297
289382 -957771
292982 -956932
296627 -956023
304040 -954128
311010 -952344
326714 -948319
334537 -946298
367608 -937671
371122 -936744
386610 -932634
391878 -931163
395976 -929988
398618 -929221
400196 -928760
407021 -926728
421196 -922470
436596 -917797
439978 -916760
449801 -913718
456933 -911461
459887 -910524
461107 -910134
463054 -909460
467676 -907824
470141 -906931
471376 -906479
474689 -905246
477985 -903968
479811 -903259
492890 -898176
500539 -895091
501100 -894863
522223 -886213
532685 -881706
545024 -876381
550478 -874018
561174 -869342
565137 -867536
570881 -864908
576636 -862228
578373 -861391
593539 -854067
603940 -848823
606855 -847315
611193 -845037
614388 -843306
618108 -841258
624223 -837770
624853 -837410
632421 -832961
633800 -832149
635779 -830944
642674 -826537
645702 -824535
657335 -816818
657928 -816420
670265 -808139
678073 -802883
683035 -799464
684761 -798263
692218 -792987
693268 -792243
699475 -787757
703565 -784654
711197 -778815
711556 -778538
716913 -774392
722654 -769872
724039 -768771
728244 -765369
731601 -762565
737640 -757378
738746 -756427
744243 -751673
747105 -749171
760293 -737552
765524 -732806
770527 -728149
772156 -726532
775629 -723051
779826 -718776
787004 -711261
792856 -705096
794397 -703384
797256 -700187
804336 -691927
806728 -689042
810893 -683918
814719 -679205
815487 -678243
817184 -676007
819346 -673147
821910 -669749
825347 -664852
827179 -662208
830382 -657325
833696 -652210
834453 -651023
835690 -649067
837254 -646460
843604 -635359
848373 -627004
851039 -622281
854051 -616860
857573 -609961
859113 -606907
862714 -599746
864317 -596553
869325 -586443
869809 -585458
875900 -572893
878931 -566468
884036 -555530
884894 -553642
887949 -546903
892561 -536669
898120 -524116
900842 -517967
904104 -510486
905704 -506774
905918 -506219
907473 -502005
910591 -493418
913567 -485214
922690 -459328
925260 -451914
931484 -433845
939306 -410413
940078 -408048
944244 -395276
946955 -386724
947323 -385562
948484 -381875
950464 -375468
950904 -374025
951915 -370654
954770 -360951
956452 -354870
957004 -352795
960037 -341020
964428 -323184
966655 -314087
968693 -305703
969610 -301801
972175 -290720
973658 -284262
974354 -281212
975246 -277296
976845 -270196
979432 -258306
980351 -254033
981536 -248048
982148 -244766
982231 -244309
984293 -232059
985419 -225260
986068 -221229
986572 -218090
987785 -209756
988115 -207470
988383 -205582
989034 -199682
989781 -192695
990471 -185776
991692 -173100
992763 -161909
993570 -153213
993937 -149251
994765 -139691
994846 -138666
995396 -131238
995501 -129746
996000 -121725
996624 -111394
997439 -94578
997742 -87623
998072 -79416
998140 -77376
998599 -63496
998657 -61601
998853 -54174
998959 -48506
999059 -42296
999126 -37589
999166 -31731
999172 -29920
999140 -22901
998909 -4945
998788 3509
998751 5740
998316 20904
997618 42904
997056 57807
996163 78385
995601 90940
995113 101671
994617 110872
994084 120699
993893 123942
993013 135350
992734 138909
991561 152948
991476 153873
991115 157560
990681 161771
989286 175190
986397 202833
985786 208639
983814 226937
983406 230587
982630 237512
982172 241495
981726 245155
981609 246096
980456 255359
978524 268749
976291 284088
975971 286256
975397 289990
973287 303430
971015 317308
970536 320153
970308 321487
969813 324333
969060 328614
967838 335505
967289 338475
966900 340572
965538 347561
964982 350296
963621 356557
962526 361513
960257 371427
959099 376320
958317 379485
953761 397923
952327 403684
948836 417580
947561 422600
944430 434480
944015 436022
939685 452017
938394 456762
937573 459740
935603 466776
935317 467779
932507 477357
930312 484747
928379 491188
921006 515018
919577 519389
918345 523128
916079 529843
915388 531799
912228 540484
910689 544628
909126 548811
905499 558498
903771 563038
902676 565908
902537 566252
902046 567465
900143 572128
898107 577065
897760 577887
892428 590132
889827 595859
887740 600379
887152 601582
883519 609004
882406 611256
879488 617058
876596 622738
873358 628617
868949 636411
864799 643700
862850 647109
858335 654957
853471 663348
848791 671395
848195 672409
846587 675119
845954 676179
843915 679483
841576 683183
839049 687176
838173 688543
837107 690201
832685 697029
831310 699150
829562 701768
824695 708992
823047 711387
815318 722331
814084 724046
813607 724707
811783 727176
808169 732040
806019 734908
803949 737662
791918 753185
787805 758285
782509 764774
778149 769960
774198 774558
770300 779084
764338 785859
758480 791974
755631 794942
749863 800750
749157 801432
746009 804401
739553 810447
738410 811489
735905 813735
734455 815007
731436 817607
730039 818805
728193 820366
723384 824424
721136 826310
719131 827982
715897 830664
713312 832801
703620 840759
697107 846031
696002 846880
690185 851001
687362 852961
676462 860437
672908 862859
672311 863252
662781 869144
659232 871248
656906 872602
653551 874539
641777 881048
622410 891702
611475 897270
610451 897743
605655 899906
599464 902690
595874 904285
588822 907265
586019 908448
573051 913870
567239 916300
563499 917781
558153 919808
553301 921602
551689 922175
546671 923918
544771 924577
529013 929989
521090 932704
519654 933160
511529 935702
508948 936458
499255 939272
491458 941518
484555 943468
480691 944521
476610 945613
467270 948067
457741 950528
452896 951763
440616 954871
439578 955126
437057 955730
432012 956881
428635 957631
419379 959602
408299 961958
401247 963384
399810 963672
390153 965567
386035 966366
382899 966957
378260 967819
365992 970049
352631 972445
344565 973801
328243 976530
315345 978601
311582 979191
303306 980486
285347 983266
268284 985894
255720 987658
252165 988082
224725 991081
217525 991855
212641 992362
210492 992573
208550 992750
195030 993978
187048 994592
181894 994987
178235 995249
169925 995839
161283 996408
146565 997371
138041 997732
129876 998039
123156 998215
116035 998397
97340 998804
87407 999002